Multiple size <= 100
TEST 1 ARG:96 4 89 21 84 98 9 47 78 76 55 2 38 44 37 13 79 24 28 8 99 23 43 7 72 80 15 58 52 42 35 39 14 19 64 36 88 54 69 90 70 67 48 74 86 71 20 81 32 46 62 60 30 93 91 97 56 50 61 25 45 3 92 63 6 34 31 87 27 41 33 26 0 10 94 73 65 53 22 16 18 5 66 51 75 85 59 82 17 57 95 40 29 77 11 12 83 49 68 1 
TEST 1 ARG:96 4 89 21 84 98 9 47 78 76 55 2 38 44 37 13 79 24 28 8 99 23 43 7 72 80 15 58 52 42 35 39 14 19 64 36 88 54 69 90 70 67 48 74 86 71 20 81 32 46 62 60 30 93 91 97 56 50 61 25 45 3 92 63 6 34 31 87 27 41 33 26 0 10 94 73 65 53 22 16 18 5 66 51 75 85 59 82 17 57 95 40 29 77 11 12 83 49 68 1 
TEST 2 ARG:55 65 76 29 22 92 64 51 33 31 98 20 69 84 94 99 88 70 61 39 25 68 42 6 11 26 18 49 78 12 32 83 28 3 63 38 75 41 44 13 60 57 66 34 80 85 77 95 37 47 40 16 17 7 58 50 5 86 81 56 19 45 73 74 93 48 82 43 15 24 53 67 0 27 59 1 14 4 71 89 46 23 2 72 96 21 8 79 97 35 30 52 62 87 10 36 90 91 9 54 
TEST 2 ARG:55 65 76 29 22 92 64 51 33 31 98 20 69 84 94 99 88 70 61 39 25 68 42 6 11 26 18 49 78 12 32 83 28 3 63 38 75 41 44 13 60 57 66 34 80 85 77 95 37 47 40 16 17 7 58 50 5 86 81 56 19 45 73 74 93 48 82 43 15 24 53 67 0 27 59 1 14 4 71 89 46 23 2 72 96 21 8 79 97 35 30 52 62 87 10 36 90 91 9 54 
TEST 3 ARG:69 90 43 79 36 3 40 13 70 22 10 47 52 93 41 29 97 14 2 8 33 61 49 73 57 37 81 86 80 56 48 75 99 92 67 30 50 77 45 87 53 91 12 35 66 96 55 34 5 71 18 54 24 76 82 98 88 28 78 19 31 0 51 74 58 42 62 84 11 17 32 15 83 7 63 94 89 25 38 39 27 4 60 21 72 16 95 85 59 6 65 26 44 46 1 20 23 9 68 64 
TEST 3 ARG:69 90 43 79 36 3 40 13 70 22 10 47 52 93 41 29 97 14 2 8 33 61 49 73 57 37 81 86 80 56 48 75 99 92 67 30 50 77 45 87 53 91 12 35 66 96 55 34 5 71 18 54 24 76 82 98 88 28 78 19 31 0 51 74 58 42 62 84 11 17 32 15 83 7 63 94 89 25 38 39 27 4 60 21 72 16 95 85 59 6 65 26 44 46 1 20 23 9 68 64 
TEST 4 ARG:86 9 47 5 81 38 24 50 21 94 57 61 34 3 75 15 14 18 84 44 68 36 40 89 93 13 19 66 6 29 64 88 10 1 87 33 0 35 72 85 39 79 83 56 42 58 17 27 96 45 7 90 69 95 49 2 46 97 74 54 48 70 77 60 63 76 8 30 82 32 52 26 51 31 59 91 20 22 4 53 28 25 43 67 80 12 41 11 65 99 23 92 73 62 16 55 71 78 37 98 
TEST 4 ARG:86 9 47 5 81 38 24 50 21 94 57 61 34 3 75 15 14 18 84 44 68 36 40 89 93 13 19 66 6 29 64 88 10 1 87 33 0 35 72 85 39 79 83 56 42 58 17 27 96 45 7 90 69 95 49 2 46 97 74 54 48 70 77 60 63 76 8 30 82 32 52 26 51 31 59 91 20 22 4 53 28 25 43 67 80 12 41 11 65 99 23 92 73 62 16 55 71 78 37 98 
TEST 5 ARG:37 86 89 79 54 45 95 78 65 20 60 36 84 52 94 69 12 23 83 87 15 34 9 67 14 28 64 63 88 90 62 31 50 77 51 97 18 81 71 16 21 29 91 0 39 72 61 56 35 10 40 43 44 25 82 38 80 33 26 19 98 2 30 4 47 59 42 93 85 58 1 99 8 3 76 92 70 17 75 55 27 24 11 22 41 7 74 46 5 32 73 6 96 66 49 57 48 53 68 13 
TEST 5 ARG:37 86 89 79 54 45 95 78 65 20 60 36 84 52 94 69 12 23 83 87 15 34 9 67 14 28 64 63 88 90 62 31 50 77 51 97 18 81 71 16 21 29 91 0 39 72 61 56 35 10 40 43 44 25 82 38 80 33 26 19 98 2 30 4 47 59 42 93 85 58 1 99 8 3 76 92 70 17 75 55 27 24 11 22 41 7 74 46 5 32 73 6 96 66 49 57 48 53 68 13 
TEST 6 ARG:26 94 38 66 5 36 79 74 29 27 47 80 37 91 72 49 45 75 0 65 76 56 32 85 57 33 63 7 60 44 88 62 55 81 90 19 99 52 58 97 59 82 61 13 2 64 10 17 70 51 25 31 95 9 73 23 41 16 48 69 20 87 21 43 96 77 28 34 1 89 14 22 50 98 4 78 30 42 68 18 67 93 92 40 24 39 11 15 12 54 46 8 53 83 86 84 71 3 6 35 
TEST 6 ARG:26 94 38 66 5 36 79 74 29 27 47 80 37 91 72 49 45 75 0 65 76 56 32 85 57 33 63 7 60 44 88 62 55 81 90 19 99 52 58 97 59 82 61 13 2 64 10 17 70 51 25 31 95 9 73 23 41 16 48 69 20 87 21 43 96 77 28 34 1 89 14 22 50 98 4 78 30 42 68 18 67 93 92 40 24 39 11 15 12 54 46 8 53 83 86 84 71 3 6 35 
TEST 7 ARG:23 24 63 13 38 97 33 52 16 92 91 29 51 15 87 90 99 6 98 83 60 41 11 44 93 64 26 43 77 37 47 72 36 82 59 66 94 65 49 17 88 46 21 27 20 55 9 18 75 85 73 78 32 2 0 40 62 34 8 57 4 53 56 70 50 14 1 81 95 67 28 76 69 80 61 71 7 68 96 54 45 58 35 19 74 5 39 89 84 25 48 10 12 79 22 30 42 3 31 86 
TEST 7 ARG:23 24 63 13 38 97 33 52 16 92 91 29 51 15 87 90 99 6 98 83 60 41 11 44 93 64 26 43 77 37 47 72 36 82 59 66 94 65 49 17 88 46 21 27 20 55 9 18 75 85 73 78 32 2 0 40 62 34 8 57 4 53 56 70 50 14 1 81 95 67 28 76 69 80 61 71 7 68 96 54 45 58 35 19 74 5 39 89 84 25 48 10 12 79 22 30 42 3 31 86 
TEST 8 ARG:66 54 63 1 97 47 22 70 2 53 98 32 57 55 77 17 45 11 40 42 87 5 56 3 9 74 86 30 37 65 7 4 93 26 46 13 15 78 38 28 58 49 72 69 75 83 39 50 91 29 18 36 73 48 80 68 84 76 16 23 8 25 79 85 19 51 88 71 14 96 34 35 92 67 94 27 10 31 6 44 64 20 24 60 81 43 12 61 21 33 0 90 89 82 95 41 62 59 99 52 
TEST 8 ARG:66 54 63 1 97 47 22 70 2 53 98 32 57 55 77 17 45 11 40 42 87 5 56 3 9 74 86 30 37 65 7 4 93 26 46 13 15 78 38 28 58 49 72 69 75 83 39 50 91 29 18 36 73 48 80 68 84 76 16 23 8 25 79 85 19 51 88 71 14 96 34 35 92 67 94 27 10 31 6 44 64 20 24 60 81 43 12 61 21 33 0 90 89 82 95 41 62 59 99 52 
TEST 9 ARG:9 79 40 1 69 2 57 36 16 94 32 76 86 10 88 61 97 87 42 41 77 81 20 45 59 91 25 21 33 85 63 26 84 39 53 7 78 82 47 64 55 49 50 35 60 22 92 12 62 34 13 18 52 5 30 14 0 72 96 98 24 99 75 19 37 51 83 54 38 28 44 15 73 89 66 65 93 46 11 6 68 67 48 8 80 56 31 58 90 95 29 3 27 74 4 71 17 43 23 70 
TEST 9 ARG:9 79 40 1 69 2 57 36 16 94 32 76 86 10 88 61 97 87 42 41 77 81 20 45 59 91 25 21 33 85 63 26 84 39 53 7 78 82 47 64 55 49 50 35 60 22 92 12 62 34 13 18 52 5 30 14 0 72 96 98 24 99 75 19 37 51 83 54 38 28 44 15 73 89 66 65 93 46 11 6 68 67 48 8 80 56 31 58 90 95 29 3 27 74 4 71 17 43 23 70 
TEST 10 ARG:99 70 18 47 41 69 35 20 42 0 67 51 72 19 44 12 64 94 56 34 88 81 61 53 30 46 38 93 71 36 73 21 76 83 90 58 49 1 68 82 55 84 3 86 79 63 22 85 23 75 98 57 91 26 89 8 27 87 39 95 32 29 52 5 16 7 80 10 92 65 96 62 60 78 48 66 97 77 28 9 40 11 6 4 43 15 37 59 50 25 24 14 13 17 33 45 54 31 2 74 
TEST 10 ARG:99 70 18 47 41 69 35 20 42 0 67 51 72 19 44 12 64 94 56 34 88 81 61 53 30 46 38 93 71 36 73 21 76 83 90 58 49 1 68 82 55 84 3 86 79 63 22 85 23 75 98 57 91 26 89 8 27 87 39 95 32 29 52 5 16 7 80 10 92 65 96 62 60 78 48 66 97 77 28 9 40 11 6 4 43 15 37 59 50 25 24 14 13 17 33 45 54 31 2 74 
TEST 11 ARG:58 17 96 64 73 69 4 48 78 89 27 54 79 9 44 88 47 41 34 45 8 90 40 21 31 13 2 11 6 63 67 38 55 81 49 28 35 95 37 82 85 43 0 46 68 80 87 52 5 75 97 94 22 91 70 92 60 93 61 99 25 86 39 56 32 1 24 66 3 30 83 76 77 16 51 23 19 14 50 12 74 84 71 36 42 98 20 65 29 62 33 18 57 15 53 10 26 72 59 7 
TEST 11 ARG:58 17 96 64 73 69 4 48 78 89 27 54 79 9 44 88 47 41 34 45 8 90 40 21 31 13 2 11 6 63 67 38 55 81 49 28 35 95 37 82 85 43 0 46 68 80 87 52 5 75 97 94 22 91 70 92 60 93 61 99 25 86 39 56 32 1 24 66 3 30 83 76 77 16 51 23 19 14 50 12 74 84 71 36 42 98 20 65 29 62 33 18 57 15 53 10 26 72 59 7 
TEST 12 ARG:97 35 47 78 89 76 63 61 80 88 71 12 67 57 69 87 84 20 3 53 42 59 65 62 45 37 1 29 6 24 16 49 66 83 27 91 48 19 31 74 30 90 36 46 43 18 38 56 44 32 26 79 14 33 25 82 11 8 28 68 9 60 51 55 13 70 77 94 22 81 50 40 75 0 34 85 99 4 95 5 72 54 15 39 52 10 86 96 23 92 21 93 7 58 17 41 98 2 73 64 
TEST 12 ARG:97 35 47 78 89 76 63 61 80 88 71 12 67 57 69 87 84 20 3 53 42 59 65 62 45 37 1 29 6 24 16 49 66 83 27 91 48 19 31 74 30 90 36 46 43 18 38 56 44 32 26 79 14 33 25 82 11 8 28 68 9 60 51 55 13 70 77 94 22 81 50 40 75 0 34 85 99 4 95 5 72 54 15 39 52 10 86 96 23 92 21 93 7 58 17 41 98 2 73 64 
TEST 13 ARG:91 45 96 37 42 13 66 79 97 44 12 25 84 81 64 98 39 89 18 32 26 15 59 62 72 53 54 50 87 55 56 57 33 78 76 93 99 88 4 75 73 3 40 95 77 43 10 61 0 20 83 2 31 94 46 24 70 35 36 16 48 51 74 11 52 28 17 34 63 49 6 60 38 80 14 22 85 69 82 71 8 47 1 23 58 29 7 92 19 30 68 9 86 67 5 65 21 41 27 90 
TEST 13 ARG:91 45 96 37 42 13 66 79 97 44 12 25 84 81 64 98 39 89 18 32 26 15 59 62 72 53 54 50 87 55 56 57 33 78 76 93 99 88 4 75 73 3 40 95 77 43 10 61 0 20 83 2 31 94 46 24 70 35 36 16 48 51 74 11 52 28 17 34 63 49 6 60 38 80 14 22 85 69 82 71 8 47 1 23 58 29 7 92 19 30 68 9 86 67 5 65 21 41 27 90 
TEST 14 ARG:69 96 66 45 97 11 43 25 20 61 19 34 65 82 60 89 92 78 68 83 63 7 17 4 3 80 94 93 95 53 46 10 23 42 36 71 37 47 98 84 26 31 29 99 14 40 2 67 90 86 91 73 12 38 21 41 33 52 6 62 79 87 76 16 35 5 30 64 15 85 88 57 48 22 24 39 77 0 51 70 8 55 74 49 13 18 1 75 72 32 27 58 28 59 50 44 81 9 56 54 
TEST 14 ARG:69 96 66 45 97 11 43 25 20 61 19 34 65 82 60 89 92 78 68 83 63 7 17 4 3 80 94 93 95 53 46 10 23 42 36 71 37 47 98 84 26 31 29 99 14 40 2 67 90 86 91 73 12 38 21 41 33 52 6 62 79 87 76 16 35 5 30 64 15 85 88 57 48 22 24 39 77 0 51 70 8 55 74 49 13 18 1 75 72 32 27 58 28 59 50 44 81 9 56 54 
TEST 15 ARG:71 73 37 80 34 97 36 81 65 42 93 66 54 24 22 86 91 23 39 31 40 96 46 45 99 14 83 29 35 87 68 79 6 28 48 9 85 26 76 49 7 21 61 17 92 77 15 4 75 95 63 58 70 78 88 20 33 11 94 52 43 16 0 47 55 53 13 51 12 67 41 89 2 19 44 56 32 57 27 62 8 69 60 98 38 30 1 18 10 59 82 5 72 25 50 84 90 64 74 3 
TEST 15 ARG:71 73 37 80 34 97 36 81 65 42 93 66 54 24 22 86 91 23 39 31 40 96 46 45 99 14 83 29 35 87 68 79 6 28 48 9 85 26 76 49 7 21 61 17 92 77 15 4 75 95 63 58 70 78 88 20 33 11 94 52 43 16 0 47 55 53 13 51 12 67 41 89 2 19 44 56 32 57 27 62 8 69 60 98 38 30 1 18 10 59 82 5 72 25 50 84 90 64 74 3 
TEST 16 ARG:48 90 37 42 62 50 67 89 25 79 33 92 61 76 78 57 0 51 7 3 27 12 75 87 53 84 15 1 24 81 56 30 19 11 44 39 59 94 13 88 36 66 54 96 71 58 2 65 18 14 45 70 32 86 46 38 34 40 21 60 55 82 17 43 8 63 4 35 83 10 73 77 26 93 31 97 49 5 47 80 95 98 29 69 99 9 20 52 91 28 16 85 72 6 64 23 68 22 74 41 
TEST 16 ARG:48 90 37 42 62 50 67 89 25 79 33 92 61 76 78 57 0 51 7 3 27 12 75 87 53 84 15 1 24 81 56 30 19 11 44 39 59 94 13 88 36 66 54 96 71 58 2 65 18 14 45 70 32 86 46 38 34 40 21 60 55 82 17 43 8 63 4 35 83 10 73 77 26 93 31 97 49 5 47 80 95 98 29 69 99 9 20 52 91 28 16 85 72 6 64 23 68 22 74 41 
TEST 17 ARG:28 5 85 35 31 37 76 56 98 71 94 61 68 62 48 12 9 57 19 65 45 3 15 59 69 30 67 24 42 73 39 0 82 20 2 66 75 53 47 1 33 29 55 38 90 77 18 10 8 72 64 14 44 63 32 87 60 97 26 54 51 99 49 83 89 92 84 6 4 41 81 79 95 13 34 7 40 58 91 78 96 88 93 70 21 11 16 80 43 25 22 74 17 86 27 23 46 36 52 50 
TEST 17 ARG:28 5 85 35 31 37 76 56 98 71 94 61 68 62 48 12 9 57 19 65 45 3 15 59 69 30 67 24 42 73 39 0 82 20 2 66 75 53 47 1 33 29 55 38 90 77 18 10 8 72 64 14 44 63 32 87 60 97 26 54 51 99 49 83 89 92 84 6 4 41 81 79 95 13 34 7 40 58 91 78 96 88 93 70 21 11 16 80 43 25 22 74 17 86 27 23 46 36 52 50 
TEST 18 ARG:5 39 8 84 64 50 83 67 28 56 75 38 90 51 43 37 48 93 35 59 13 2 88 92 16 82 60 46 17 72 47 24 89 10 79 6 91 33 58 21 69 76 95 36 18 29 31 74 45 19 25 26 44 68 11 1 73 7 27 80 94 53 62 52 30 41 96 77 57 65 66 14 3 9 22 0 85 98 34 99 81 15 63 12 87 4 86 55 78 97 42 20 54 61 49 32 23 71 40 70 
TEST 18 ARG:5 39 8 84 64 50 83 67 28 56 75 38 90 51 43 37 48 93 35 59 13 2 88 92 16 82 60 46 17 72 47 24 89 10 79 6 91 33 58 21 69 76 95 36 18 29 31 74 45 19 25 26 44 68 11 1 73 7 27 80 94 53 62 52 30 41 96 77 57 65 66 14 3 9 22 0 85 98 34 99 81 15 63 12 87 4 86 55 78 97 42 20 54 61 49 32 23 71 40 70 
TEST 19 ARG:91 37 24 45 94 9 2 43 86 47 52 97 46 49 85 92 33 80 90 42 79 23 63 26 28 57 98 69 71 6 68 48 81 61 40 82 20 59 15 29 88 38 27 70 44 84 12 76 30 53 31 64 60 83 4 21 10 96 56 78 18 62 73 65 5 74 17 7 72 87 25 55 11 50 35 32 58 89 34 51 0 67 95 22 19 1 99 75 13 66 41 16 8 3 39 54 36 14 77 93 
TEST 19 ARG:91 37 24 45 94 9 2 43 86 47 52 97 46 49 85 92 33 80 90 42 79 23 63 26 28 57 98 69 71 6 68 48 81 61 40 82 20 59 15 29 88 38 27 70 44 84 12 76 30 53 31 64 60 83 4 21 10 96 56 78 18 62 73 65 5 74 17 7 72 87 25 55 11 50 35 32 58 89 34 51 0 67 95 22 19 1 99 75 13 66 41 16 8 3 39 54 36 14 77 93 
TEST 20 ARG:87 66 81 52 33 59 97 15 99 71 9 22 74 80 96 43 4 44 3 67 51 91 40 85 98 20 39 95 30 93 64 31 47 2 10 18 50 41 92 57 19 94 78 26 21 48 29 24 23 84 32 8 11 60 12 70 17 63 76 38 34 77 6 13 68 75 28 86 61 1 55 45 90 83 46 37 73 72 56 58 25 5 69 14 54 0 88 16 7 82 36 27 35 42 53 89 49 62 65 79 
TEST 20 ARG:87 66 81 52 33 59 97 15 99 71 9 22 74 80 96 43 4 44 3 67 51 91 40 85 98 20 39 95 30 93 64 31 47 2 10 18 50 41 92 57 19 94 78 26 21 48 29 24 23 84 32 8 11 60 12 70 17 63 76 38 34 77 6 13 68 75 28 86 61 1 55 45 90 83 46 37 73 72 56 58 25 5 69 14 54 0 88 16 7 82 36 27 35 42 53 89 49 62 65 79 
TEST 21 ARG:52 97 24 41 73 7 55 43 0 68 22 39 58 77 30 4 86 33 92 51 89 1 20 47 62 15 63 14 28 9 85 75 21 42 3 23 90 87 10 25 35 76 27 53 69 2 84 6 12 48 88 98 95 45 91 96 5 37 36 29 32 40 57 70 50 83 59 54 80 74 11 61 94 19 31 82 72 56 34 65 60 8 78 46 44 49 67 79 81 13 64 16 26 93 71 99 66 38 17 18 
TEST 21 ARG:52 97 24 41 73 7 55 43 0 68 22 39 58 77 30 4 86 33 92 51 89 1 20 47 62 15 63 14 28 9 85 75 21 42 3 23 90 87 10 25 35 76 27 53 69 2 84 6 12 48 88 98 95 45 91 96 5 37 36 29 32 40 57 70 50 83 59 54 80 74 11 61 94 19 31 82 72 56 34 65 60 8 78 46 44 49 67 79 81 13 64 16 26 93 71 99 66 38 17 18 
TEST 22 ARG:11 42 16 23 32 29 19 95 6 1 43 77 49 69 27 72 5 91 76 54 52 7 88 82 94 75 8 67 48 37 15 10 45 17 93 51 80 63 83 3 20 56 62 55 71 21 0 30 65 61 64 35 87 97 2 68 98 84 96 33 86 73 28 38 18 26 13 34 44 58 85 46 99 90 57 4 25 12 41 70 89 81 78 66 22 40 79 60 47 14 31 9 53 59 39 92 74 24 50 36 
TEST 22 ARG:11 42 16 23 32 29 19 95 6 1 43 77 49 69 27 72 5 91 76 54 52 7 88 82 94 75 8 67 48 37 15 10 45 17 93 51 80 63 83 3 20 56 62 55 71 21 0 30 65 61 64 35 87 97 2 68 98 84 96 33 86 73 28 38 18 26 13 34 44 58 85 46 99 90 57 4 25 12 41 70 89 81 78 66 22 40 79 60 47 14 31 9 53 59 39 92 74 24 50 36 
TEST 23 ARG:86 37 55 25 48 22 63 81 59 18 42 76 41 23 52 33 34 75 13 58 77 57 29 96 26 19 60 90 69 31 80 99 28 17 84 12 65 32 56 47 30 93 72 39 9 97 14 87 20 11 79 21 78 50 6 74 49 61 67 73 38 95 4 8 53 0 70 92 36 44 35 82 16 24 94 71 85 98 43 45 64 5 66 3 89 54 15 83 10 40 91 7 62 46 51 68 1 27 2 88 
TEST 23 ARG:86 37 55 25 48 22 63 81 59 18 42 76 41 23 52 33 34 75 13 58 77 57 29 96 26 19 60 90 69 31 80 99 28 17 84 12 65 32 56 47 30 93 72 39 9 97 14 87 20 11 79 21 78 50 6 74 49 61 67 73 38 95 4 8 53 0 70 92 36 44 35 82 16 24 94 71 85 98 43 45 64 5 66 3 89 54 15 83 10 40 91 7 62 46 51 68 1 27 2 88 
TEST 24 ARG:13 0 84 93 38 85 11 2 51 28 88 24 34 94 90 61 52 22 27 91 58 15 18 63 78 47 41 72 96 50 1 49 6 99 37 30 77 23 35 10 26 98 83 76 64 73 66 7 39 54 82 4 92 8 74 19 81 70 21 36 56 60 17 69 71 9 59 20 57 46 45 3 55 48 65 31 43 53 89 97 40 25 14 79 95 67 42 68 5 33 32 29 44 62 16 87 12 86 75 80 
TEST 24 ARG:13 0 84 93 38 85 11 2 51 28 88 24 34 94 90 61 52 22 27 91 58 15 18 63 78 47 41 72 96 50 1 49 6 99 37 30 77 23 35 10 26 98 83 76 64 73 66 7 39 54 82 4 92 8 74 19 81 70 21 36 56 60 17 69 71 9 59 20 57 46 45 3 55 48 65 31 43 53 89 97 40 25 14 79 95 67 42 68 5 33 32 29 44 62 16 87 12 86 75 80 
TEST 25 ARG:24 13 25 75 80 77 65 32 40 59 10 79 67 95 54 30 83 8 27 44 4 61 90 69 29 88 31 93 66 52 62 60 70 51 63 26 71 12 15 96 45 16 43 72 73 46 94 92 18 57 34 17 64 68 9 74 98 28 11 99 41 85 2 89 20 55 1 19 7 21 22 6 81 50 53 82 48 47 36 38 87 5 23 42 35 76 39 56 3 78 91 97 33 0 84 86 58 37 14 49 
TEST 25 ARG:24 13 25 75 80 77 65 32 40 59 10 79 67 95 54 30 83 8 27 44 4 61 90 69 29 88 31 93 66 52 62 60 70 51 63 26 71 12 15 96 45 16 43 72 73 46 94 92 18 57 34 17 64 68 9 74 98 28 11 99 41 85 2 89 20 55 1 19 7 21 22 6 81 50 53 82 48 47 36 38 87 5 23 42 35 76 39 56 3 78 91 97 33 0 84 86 58 37 14 49 
TEST 26 ARG:50 73 14 5 46 49 18 16 25 37 44 65 87 52 92 48 61 22 21 10 93 29 43 45 80 86 82 79 1 47 6 63 19 2 83 58 17 12 77 26 94 66 0 98 39 36 95 41 72 32 33 7 24 40 35 84 15 74 20 69 99 91 59 31 67 97 71 30 34 96 11 28 23 51 27 70 4 53 78 13 89 68 62 54 55 57 8 56 9 38 81 90 42 85 76 64 88 75 60 3 
TEST 26 ARG:50 73 14 5 46 49 18 16 25 37 44 65 87 52 92 48 61 22 21 10 93 29 43 45 80 86 82 79 1 47 6 63 19 2 83 58 17 12 77 26 94 66 0 98 39 36 95 41 72 32 33 7 24 40 35 84 15 74 20 69 99 91 59 31 67 97 71 30 34 96 11 28 23 51 27 70 4 53 78 13 89 68 62 54 55 57 8 56 9 38 81 90 42 85 76 64 88 75 60 3 
TEST 27 ARG:39 62 18 54 68 17 73 74 99 76 82 16 71 91 87 33 63 3 56 5 13 75 83 58 0 11 66 52 35 65 60 36 88 64 96 95 7 22 79 51 26 23 49 41 98 89 43 1 50 97 70 53 40 80 25 85 27 15 57 48 4 34 20 30 31 94 78 90 55 59 47 24 2 29 61 42 6 19 44 9 84 21 38 67 81 69 37 10 93 12 14 32 86 92 28 72 46 8 45 77 
TEST 27 ARG:39 62 18 54 68 17 73 74 99 76 82 16 71 91 87 33 63 3 56 5 13 75 83 58 0 11 66 52 35 65 60 36 88 64 96 95 7 22 79 51 26 23 49 41 98 89 43 1 50 97 70 53 40 80 25 85 27 15 57 48 4 34 20 30 31 94 78 90 55 59 47 24 2 29 61 42 6 19 44 9 84 21 38 67 81 69 37 10 93 12 14 32 86 92 28 72 46 8 45 77 
TEST 28 ARG:35 51 26 89 80 61 8 79 22 34 90 69 47 41 49 54 24 48 10 62 96 99 25 37 12 13 86 85 30 19 94 39 93 32 84 75 88 64 72 11 81 18 63 16 38 73 17 70 45 40 27 77 58 4 2 1 52 29 44 66 36 42 78 20 7 56 55 0 31 83 46 15 76 33 23 92 95 82 98 28 53 21 9 87 74 43 68 59 14 67 50 6 3 65 97 91 57 5 60 71 
TEST 28 ARG:35 51 26 89 80 61 8 79 22 34 90 69 47 41 49 54 24 48 10 62 96 99 25 37 12 13 86 85 30 19 94 39 93 32 84 75 88 64 72 11 81 18 63 16 38 73 17 70 45 40 27 77 58 4 2 1 52 29 44 66 36 42 78 20 7 56 55 0 31 83 46 15 76 33 23 92 95 82 98 28 53 21 9 87 74 43 68 59 14 67 50 6 3 65 97 91 57 5 60 71 
TEST 29 ARG:63 67 42 85 39 97 27 76 96 29 86 13 50 45 1 35 89 41 71 83 94 80 12 44 8 20 93 28 99 84 65 70 72 11 33 92 98 90 16 78 5 37 54 47 2 53 23 73 68 62 87 57 34 77 46 51 6 3 25 60 7 40 21 59 95 17 24 91 64 58 81 18 26 36 14 9 10 32 15 4 0 69 74 66 88 38 56 79 48 22 31 49 61 82 43 75 52 30 55 19 
TEST 29 ARG:63 67 42 85 39 97 27 76 96 29 86 13 50 45 1 35 89 41 71 83 94 80 12 44 8 20 93 28 99 84 65 70 72 11 33 92 98 90 16 78 5 37 54 47 2 53 23 73 68 62 87 57 34 77 46 51 6 3 25 60 7 40 21 59 95 17 24 91 64 58 81 18 26 36 14 9 10 32 15 4 0 69 74 66 88 38 56 79 48 22 31 49 61 82 43 75 52 30 55 19 
TEST 30 ARG:48 88 10 18 85 99 27 33 15 59 0 78 68 36 51 95 84 93 82 96 16 5 47 65 49 69 14 83 34 6 98 86 63 13 76 40 54 52 22 79 56 24 31 55 41 77 74 61 97 19 73 71 26 60 35 42 70 50 9 28 44 20 30 66 23 4 94 29 57 32 72 7 89 81 46 8 45 53 1 91 75 25 11 17 3 80 12 58 64 90 39 67 37 2 43 62 38 92 87 21 
TEST 30 ARG:48 88 10 18 85 99 27 33 15 59 0 78 68 36 51 95 84 93 82 96 16 5 47 65 49 69 14 83 34 6 98 86 63 13 76 40 54 52 22 79 56 24 31 55 41 77 74 61 97 19 73 71 26 60 35 42 70 50 9 28 44 20 30 66 23 4 94 29 57 32 72 7 89 81 46 8 45 53 1 91 75 25 11 17 3 80 12 58 64 90 39 67 37 2 43 62 38 92 87 21 
TEST 31 ARG:30 8 47 28 85 78 99 10 94 32 51 73 35 36 37 68 5 22 46 59 13 66 63 7 54 70 23 24 91 65 31 81 72 56 26 14 87 11 45 62 25 43 2 89 67 16 18 34 98 4 55 92 74 53 58 19 95 17 84 90 52 80 93 33 6 42 64 29 96 77 20 49 40 88 0 76 86 39 3 9 38 61 71 41 50 21 1 69 48 83 82 97 75 15 44 27 60 12 57 79 
TEST 31 ARG:30 8 47 28 85 78 99 10 94 32 51 73 35 36 37 68 5 22 46 59 13 66 63 7 54 70 23 24 91 65 31 81 72 56 26 14 87 11 45 62 25 43 2 89 67 16 18 34 98 4 55 92 74 53 58 19 95 17 84 90 52 80 93 33 6 42 64 29 96 77 20 49 40 88 0 76 86 39 3 9 38 61 71 41 50 21 1 69 48 83 82 97 75 15 44 27 60 12 57 79 
TEST 32 ARG:86 24 32 49 96 62 25 90 65 54 81 87 15 37 13 56 20 75 98 89 8 45 0 88 14 82 73 53 43 40 68 9 1 58 3 5 63 11 46 64 38 34 33 59 92 69 22 2 71 44 7 80 74 60 95 51 39 61 31 79 70 27 17 19 77 52 99 12 57 29 47 50 35 41 23 97 76 67 72 78 21 91 28 55 6 30 85 36 10 4 84 18 48 83 42 16 66 26 93 94 
TEST 32 ARG:86 24 32 49 96 62 25 90 65 54 81 87 15 37 13 56 20 75 98 89 8 45 0 88 14 82 73 53 43 40 68 9 1 58 3 5 63 11 46 64 38 34 33 59 92 69 22 2 71 44 7 80 74 60 95 51 39 61 31 79 70 27 17 19 77 52 99 12 57 29 47 50 35 41 23 97 76 67 72 78 21 91 28 55 6 30 85 36 10 4 84 18 48 83 42 16 66 26 93 94 
TEST 33 ARG:22 30 45 44 90 13 51 65 11 41 62 16 91 89 27 8 19 7 26 59 94 81 58 87 73 60 25 32 96 18 3 28 14 77 20 92 56 68 38 72 9 12 97 71 15 29 5 40 24 23 31 53 21 75 93 57 98 0 17 63 10 43 85 82 64 95 66 70 37 61 46 33 2 88 55 54 80 4 67 79 83 78 47 99 48 69 35 76 42 49 36 52 74 6 50 84 34 86 39 1 
TEST 33 ARG:22 30 45 44 90 13 51 65 11 41 62 16 91 89 27 8 19 7 26 59 94 81 58 87 73 60 25 32 96 18 3 28 14 77 20 92 56 68 38 72 9 12 97 71 15 29 5 40 24 23 31 53 21 75 93 57 98 0 17 63 10 43 85 82 64 95 66 70 37 61 46 33 2 88 55 54 80 4 67 79 83 78 47 99 48 69 35 76 42 49 36 52 74 6 50 84 34 86 39 1 
TEST 34 ARG:50 86 21 78 35 57 53 19 87 44 39 79 93 72 49 69 30 31 56 66 99 54 18 8 36 15 25 59 32 52 43 11 85 62 64 4 58 12 55 92 23 17 47 2 28 96 34 38 45 60 61 29 81 51 42 16 20 22 9 13 84 1 91 37 76 67 3 74 24 98 65 75 88 14 26 89 71 5 68 77 48 27 82 6 40 41 80 97 33 7 73 90 70 46 95 63 94 83 0 10 
TEST 34 ARG:50 86 21 78 35 57 53 19 87 44 39 79 93 72 49 69 30 31 56 66 99 54 18 8 36 15 25 59 32 52 43 11 85 62 64 4 58 12 55 92 23 17 47 2 28 96 34 38 45 60 61 29 81 51 42 16 20 22 9 13 84 1 91 37 76 67 3 74 24 98 65 75 88 14 26 89 71 5 68 77 48 27 82 6 40 41 80 97 33 7 73 90 70 46 95 63 94 83 0 10 
TEST 35 ARG:10 99 93 0 21 14 13 19 24 26 77 25 57 91 9 73 95 32 48 72 20 86 78 59 11 55 8 45 40 62 27 42 43 36 80 89 79 75 90 18 41 44 52 84 60 17 70 37 71 94 76 4 12 68 61 34 92 63 51 65 53 38 2 46 66 39 7 16 3 98 29 97 50 81 54 5 28 85 82 64 35 15 31 22 47 49 67 83 74 6 88 96 58 1 23 30 87 69 33 56 
TEST 35 ARG:10 99 93 0 21 14 13 19 24 26 77 25 57 91 9 73 95 32 48 72 20 86 78 59 11 55 8 45 40 62 27 42 43 36 80 89 79 75 90 18 41 44 52 84 60 17 70 37 71 94 76 4 12 68 61 34 92 63 51 65 53 38 2 46 66 39 7 16 3 98 29 97 50 81 54 5 28 85 82 64 35 15 31 22 47 49 67 83 74 6 88 96 58 1 23 30 87 69 33 56 
TEST 36 ARG:56 82 17 79 7 50 41 6 54 38 61 92 62 19 24 1 97 0 58 67 55 68 8 64 70 60 77 94 16 10 26 71 36 12 49 51 22 23 63 43 44 66 37 28 91 96 5 93 4 74 46 88 11 21 57 27 34 9 3 95 87 33 45 72 75 80 59 52 69 40 84 25 99 47 85 90 30 65 73 83 13 29 39 2 81 48 14 86 35 15 78 53 18 89 42 32 20 98 31 76 
TEST 36 ARG:56 82 17 79 7 50 41 6 54 38 61 92 62 19 24 1 97 0 58 67 55 68 8 64 70 60 77 94 16 10 26 71 36 12 49 51 22 23 63 43 44 66 37 28 91 96 5 93 4 74 46 88 11 21 57 27 34 9 3 95 87 33 45 72 75 80 59 52 69 40 84 25 99 47 85 90 30 65 73 83 13 29 39 2 81 48 14 86 35 15 78 53 18 89 42 32 20 98 31 76 
TEST 37 ARG:63 1 49 8 83 33 5 96 90 16 10 66 91 78 32 3 21 93 79 46 2 47 45 13 69 48 53 94 20 61 86 39 51 42 11 59 9 22 67 0 72 99 29 55 75 40 38 85 58 27 54 24 65 76 26 18 43 57 98 52 14 23 44 7 73 12 84 31 36 89 97 60 71 82 80 15 25 37 50 28 77 92 88 19 35 74 17 56 4 41 87 81 6 62 30 95 70 68 34 64 
TEST 37 ARG:63 1 49 8 83 33 5 96 90 16 10 66 91 78 32 3 21 93 79 46 2 47 45 13 69 48 53 94 20 61 86 39 51 42 11 59 9 22 67 0 72 99 29 55 75 40 38 85 58 27 54 24 65 76 26 18 43 57 98 52 14 23 44 7 73 12 84 31 36 89 97 60 71 82 80 15 25 37 50 28 77 92 88 19 35 74 17 56 4 41 87 81 6 62 30 95 70 68 34 64 
TEST 38 ARG:50 5 22 21 90 4 75 32 57 96 52 89 24 37 92 56 49 60 63 51 2 65 27 67 55 31 9 95 43 59 23 19 36 79 77 80 91 94 84 86 72 30 18 46 15 35 58 97 26 33 13 47 3 45 10 70 12 61 29 98 14 76 64 40 87 82 7 93 34 16 25 81 54 20 73 8 83 99 39 28 74 66 1 41 53 17 68 78 69 62 11 85 6 71 88 38 0 48 44 42 
TEST 38 ARG:50 5 22 21 90 4 75 32 57 96 52 89 24 37 92 56 49 60 63 51 2 65 27 67 55 31 9 95 43 59 23 19 36 79 77 80 91 94 84 86 72 30 18 46 15 35 58 97 26 33 13 47 3 45 10 70 12 61 29 98 14 76 64 40 87 82 7 93 34 16 25 81 54 20 73 8 83 99 39 28 74 66 1 41 53 17 68 78 69 62 11 85 6 71 88 38 0 48 44 42 
TEST 39 ARG:23 6 69 58 78 45 53 37 20 31 29 8 88 52 71 22 39 5 24 12 30 10 51 49 64 13 40 94 44 18 86 65 57 0 16 46 48 19 67 14 79 28 85 25 61 80 84 76 62 41 60 35 81 70 4 66 82 95 92 15 1 56 21 97 34 11 27 2 68 43 96 77 73 26 99 50 55 89 33 36 54 98 32 17 93 7 87 83 91 38 59 72 3 47 90 9 75 63 74 42 
TEST 39 ARG:23 6 69 58 78 45 53 37 20 31 29 8 88 52 71 22 39 5 24 12 30 10 51 49 64 13 40 94 44 18 86 65 57 0 16 46 48 19 67 14 79 28 85 25 61 80 84 76 62 41 60 35 81 70 4 66 82 95 92 15 1 56 21 97 34 11 27 2 68 43 96 77 73 26 99 50 55 89 33 36 54 98 32 17 93 7 87 83 91 38 59 72 3 47 90 9 75 63 74 42 
TEST 40 ARG:45 4 42 69 35 20 44 63 3 41 31 33 79 87 57 61 21 65 30 62 43 23 99 19 97 40 64 76 73 93 50 77 28 81 5 2 56 34 27 38 58 32 52 70 66 89 55 9 8 18 36 24 84 47 7 60 96 88 67 68 75 94 72 26 51 71 1 95 80 13 92 74 16 11 59 85 86 6 39 22 90 0 15 53 98 82 29 12 37 49 10 54 46 25 17 83 78 14 48 91 
TEST 40 ARG:45 4 42 69 35 20 44 63 3 41 31 33 79 87 57 61 21 65 30 62 43 23 99 19 97 40 64 76 73 93 50 77 28 81 5 2 56 34 27 38 58 32 52 70 66 89 55 9 8 18 36 24 84 47 7 60 96 88 67 68 75 94 72 26 51 71 1 95 80 13 92 74 16 11 59 85 86 6 39 22 90 0 15 53 98 82 29 12 37 49 10 54 46 25 17 83 78 14 48 91 
TEST 41 ARG:43 56 34 15 78 81 96 72 46 75 95 27 58 80 92 98 70 62 50 31 66 25 21 94 28 54 68 29 91 53 48 87 90 18 76 99 47 13 37 8 69 7 88 83 42 3 67 26 59 30 44 14 33 77 17 52 36 2 73 1 65 86 10 6 74 40 45 89 32 79 61 9 82 93 19 16 38 64 23 60 24 71 35 85 49 55 39 97 22 63 4 57 51 20 41 11 12 5 84 0 
TEST 41 ARG:43 56 34 15 78 81 96 72 46 75 95 27 58 80 92 98 70 62 50 31 66 25 21 94 28 54 68 29 91 53 48 87 90 18 76 99 47 13 37 8 69 7 88 83 42 3 67 26 59 30 44 14 33 77 17 52 36 2 73 1 65 86 10 6 74 40 45 89 32 79 61 9 82 93 19 16 38 64 23 60 24 71 35 85 49 55 39 97 22 63 4 57 51 20 41 11 12 5 84 0 
